year_kyrBP	geologic_carbon_rate_PgCyr	geologic_carbon_cumulative_PgC	alk_to_dic_ratio	terrestrial_carbon_uptake_rate_PgCyr	terrestrial_carbon_uptake_cumulative_PgC	terrestrial_carbon_release_rate_PgCyr	terrestrial_carbon_release_cumulative_PgC	atmospheric_CO2_ppm	atmospheric_∆14C_permil	intNP_∆14C_permil	deep_atlantic_CO3_umolkg	deep_indian_CO3_umolkg	deep_south_pacific_CO3_umolkg	deep_north_pacific_CO3_umolkg
20.0	0.0	0.0	0.0	0.0	0.0	0.0	0.0	187.948	365.085	15.9048	107.636	92.0964	89.5112	88.8986
19.9	0.0	0.0	0.0	0.0	0.0	0.0	0.0	187.948	364.222	15.7588	107.636	92.0964	89.5112	88.8986
19.8	0.0	0.0	0.0	0.0	0.0	0.0	0.0	187.948	363.638	15.6176	107.636	92.0964	89.5112	88.8986
19.7	0.0	0.0	0.0	0.0	0.0	0.0	0.0	187.948	363.429	15.4963	107.636	92.0964	89.5112	88.8986
19.6	0.0	0.0	0.0	0.0	0.0	0.0	0.0	187.948	363.507	15.4101	107.636	92.0964	89.5112	88.8986
19.5	0.0	0.0	0.0	0.0	0.0	0.0	0.0	187.948	361.776	15.3344	107.636	92.0964	89.5112	88.8986
19.4	0.0	0.0	0.0	0.0	0.0	0.0	0.0	187.948	358.969	15.1783	107.636	92.0964	89.5112	88.8986
19.3	0.0	0.0	0.0	0.0	0.0	0.0	0.0	187.948	356.401	14.9169	107.636	92.0964	89.5112	88.8986
19.2	0.0	0.0	0.0	0.0	0.0	0.0	0.0	187.948	353.856	14.5704	107.636	92.0964	89.5112	88.8986
19.1	0.0	0.0	0.0	0.0	0.0	0.0	0.0	187.948	353.032	14.1716	107.636	92.0964	89.5112	88.8986
19.0	0.0	0.0	0.0	0.0	0.0	0.0	0.0	187.948	353.243	13.8067	107.636	92.0964	89.5112	88.8986
18.9	0.0	0.0	0.0	0.0	0.0	0.0	0.0	187.948	351.625	13.4738	107.636	92.0964	89.5112	88.8986
18.8	0.0	0.0	0.0	0.0	0.0	0.0	0.0	187.948	348.984	13.0782	107.636	92.0964	89.5112	88.8986
18.7	0.0	0.0	0.0	0.0	0.0	0.0	0.0	187.948	347.18	12.6065	107.636	92.0964	89.5112	88.8986
18.6	0.0	0.0	0.0	0.0	0.0	0.0	0.0	187.948	345.791	12.1058	107.636	92.0964	89.5112	88.8986
18.5	0.0	0.0	0.0	0.0	0.0	0.0	0.0	187.948	344.457	11.5902	107.636	92.0964	89.5112	88.8986
18.4	0.0	0.0	0.0	0.0	0.0	0.0	0.0	187.948	343.18	11.0617	107.636	92.0964	89.5112	88.8986
18.3	0.0	0.0	0.0	0.0	0.0	0.0	0.0	187.948	340.131	10.4934	107.636	92.0964	89.5112	88.8986
18.2	0.0	0.0	0.0	0.0	0.0	0.0	0.0	187.948	335.986	9.80124	107.636	92.0964	89.5112	88.8986
18.1	0.0	0.0	0.0	0.0	0.0	0.0	0.0	187.948	332.483	8.97082	107.636	92.0964	89.5112	88.8986
18.0	0.0	0.0	0.0	0.0	0.0	0.0	0.0	187.948	329.233	8.04556	107.636	92.0964	89.5112	88.8986
17.9	0.0	0.0	0.0	0.0	0.0	0.0	0.0	187.948	328.371	7.0785	107.636	92.0964	89.5112	88.8986
17.8	0.0	0.0	0.0	0.0	0.0	0.0	0.0	187.948	328.979	6.18802	107.636	92.0964	89.5112	88.8986
17.7	0.0	0.0	0.0	0.0	0.0	0.0	0.0	187.948	327.149	5.37334	107.636	92.0964	89.5112	88.8986
17.6	0.0	0.0	0.0	0.0	0.0	0.0	0.0	187.948	323.978	4.50658	107.636	92.0964	89.5112	88.8986
17.5	0.0	0.0	0.0	0.0	0.0	0.0	0.0	187.948	324.104	3.60447	107.636	92.0964	89.5112	88.8986
17.4	0.0	0.0	0.0	0.0	0.0	0.0	0.0	190.68	356.786	1.99181	107.812	92.2071	89.5236	88.8622
17.3	0.0	0.0	0.0	0.0	0.0	0.0	0.0	191.542	366.797	1.86103	107.871	92.3431	89.6804	89.0217
17.2	0.0	0.0	0.0	0.0	0.0	0.0	0.0	192.028	372.881	2.14054	107.809	92.4958	89.9298	89.3245
17.1	0.0689939	0.0689939	1.0	0.0	0.0	0.0667384	0.0667384	192.532	376.562	2.57118	107.671	92.6836	90.262	89.7308
17.0	0.0	6.89939	1.0	0.0	0.0	0.0139827	6.68783	195.095	375.876	1.41727	107.495	92.9238	90.6642	90.2161
16.9	0.0	6.89939	0.0	0.0	0.0	0.0	8.07211	195.511	373.29	2.06997	107.297	93.2366	91.1131	90.7536
16.8	0.0	6.89939	0.0	0.0	0.0	0.0	8.07211	195.881	366.245	2.31032	107.113	93.6039	91.6154	91.3271
16.7	0.0	6.89939	0.0	0.0	0.0	0.0	8.07211	196.601	357.602	2.03121	106.968	94.0335	92.1677	91.9209
16.6	0.0	6.89939	0.0	0.0	0.0	0.0	8.07211	197.515	347.787	1.25222	106.873	94.5178	92.7482	92.4595
16.5	0.0	6.89939	1.0	0.0	0.0	0.120081	8.1922	198.609	348.675	0.1865	106.829	95.0467	93.3498	93.0377
16.4	0.0989246	6.99831	1.0	0.0	0.0	0.133936	20.2141	203.351	351.894	-0.701816	106.823	95.5534	93.96	93.6435
16.3	0.257058	17.0489	1.0	0.0	0.0	0.0399802	33.5137	207.267	354.23	-3.47811	106.813	96.0511	94.5317	94.2542
16.2	0.0668457	42.5645	1.0	0.0	0.0	0.150966	37.6227	207.822	358.864	-8.96381	106.789	96.5392	95.0758	94.8572
16.1	0.0	49.1823	1.0	0.0	0.0	0.0418852	52.6103	212.38	345.275	-9.16853	106.772	97.0319	95.6147	95.426
16.0	0.0	49.1823	1.0	0.0	0.0	0.0153399	56.7722	212.717	330.685	-8.52823	106.751	97.5083	96.1139	95.8855
15.9	0.0	49.1823	1.0	0.0	0.0	0.0222592	58.3132	213.012	323.313	-8.86128	106.754	97.9967	96.6113	96.3418
15.8	0.0	49.1823	1.0	0.0	0.0	0.0788446	60.5957	214.136	320.045	-9.58279	106.8	98.5115	97.1233	96.8006
15.7	0.00590122	49.1882	1.0	0.0	0.0	0.0856477	68.4869	217.16	315.785	-10.4984	106.881	99.0111	97.6324	97.261
15.6	0.0505421	49.8229	1.0	0.0	0.0	0.0344404	77.0005	219.86	313.628	-11.6435	106.971	99.4692	98.1083	97.7117
15.5	0.0586355	54.8852	1.0	0.0	0.0	0.0256235	80.4357	220.734	312.943	-13.7109	107.063	99.9274	98.5582	98.1451
15.4	0.174385	60.8645	1.03807	0.0	0.0	0.0	82.9724	221.77	311.129	-15.7438	107.17	100.402	99.0058	98.5646
15.3	0.290044	78.4187	1.0	0.0	0.0	0.00681047	82.9793	222.337	311.489	-20.1054	107.304	100.899	99.4611	98.9659
15.2	0.402022	107.535	1.06539	0.0	0.0	0.0	83.6535	223.574	311.803	-26.1925	107.47	101.416	99.9167	99.3042
15.1	0.603036	147.938	1.1357	0.0	0.0	0.0	83.6535	224.779	318.556	-33.3883	107.663	101.942	100.373	99.7006
15.0	0.785297	208.424	1.17786	0.0	0.0	0.0	83.6535	226.142	329.196	-42.9304	107.879	102.464	100.863	100.226
14.9	0.942659	287.111	1.22811	0.0	0.0	0.0	83.6535	227.562	336.747	-53.631	108.115	102.949	101.421	100.943
14.8	0.854468	381.289	1.24085	0.0	0.0	0.0	83.6535	228.955	342.354	-64.6641	108.369	103.453	102.083	101.905
14.7	0.0	465.881	0.0	0.0	0.0	0.0	83.6535	230.234	331.745	-71.172	108.643	103.986	102.873	103.019
14.6	0.0	465.881	0.0	0.0	0.0	0.0	83.6535	222.145	259.223	-59.9569	123.872	101.183	101.003	103.308
14.5	0.0	465.881	0.0	0.0	0.0	0.0	83.6535	219.508	232.09	-55.9398	132.962	97.6674	98.9119	102.486
14.4	0.0	465.881	0.0	0.0	0.0	0.0	83.6535	219.441	216.121	-55.0875	138.204	95.6489	98.1671	101.402
14.3	0.0	465.881	0.0	0.0	0.0	0.0	83.6535	220.305	202.52	-55.6903	141.294	95.0626	98.0898	100.323
14.2	0.0	465.881	0.0	0.0	0.0	0.0	83.6535	221.453	190.965	-57.0112	143.065	95.285	98.2656	99.3964
14.1	0.0	465.881	0.0	0.0	0.0	0.0	83.6535	222.657	185.08	-58.5846	143.988	95.7012	98.4846	98.7141
14.0	0.0	465.881	0.0	0.0	0.0	0.0	83.6535	223.855	182.703	-60.0275	144.353	96.254	98.6869	98.2505
13.9	0.0	465.881	0.0	0.0	0.0	0.0	83.6535	225.023	178.115	-61.2699	144.347	96.8429	98.7745	97.8112
13.8	0.0	465.881	0.0	0.0	0.0	0.0	83.6535	226.158	172.489	-62.4775	144.095	97.3763	98.7639	97.3726
13.7	0.0	465.881	0.0	0.0	0.0	0.0	83.6535	227.26	168.435	-63.6881	143.68	97.81	98.6845	96.9277
13.6	0.0	465.881	0.0	0.0	0.0	0.0	83.6535	228.332	165.252	-64.8507	143.158	98.1284	98.5506	96.476
13.5	0.0	465.881	0.0	0.0	0.0	0.0	83.6535	229.374	168.835	-65.8521	142.566	98.3315	98.3409	96.0152
13.4	0.0	465.881	0.0	0.0	0.0	0.0	83.6535	230.39	176.51	-66.3881	141.93	98.4253	98.0543	95.5369
13.3	0.0	465.881	0.0	0.0	0.0	0.0	83.6535	231.386	173.507	-66.584	141.267	98.4194	97.7237	95.1648
13.2	0.0	465.881	0.0	0.0	0.0	0.0	83.6535	235.002	195.529	-66.8478	133.983	98.4509	97.2786	94.8728
13.1	0.0	465.881	0.0	0.05826	0.05826	0.0	83.6535	237.3	202.504	-66.0587	128.275	98.5654	97.0021	94.703
13.0	0.0	465.881	0.0	0.0	5.826	0.0	83.6535	237.391	210.594	-64.8508	123.837	98.8811	96.993	94.6747
12.9	0.0	465.881	0.0	0.040127	5.86613	0.0	83.6535	239.537	215.938	-63.5003	120.392	99.3312	97.1702	94.793
12.8	0.209318	466.091	1.231	0.0	9.8387	0.0	83.6535	239.762	223.731	-62.0817	117.737	99.8638	97.4364	95.032
12.7	0.0826334	486.896	1.23047	0.0	9.8387	0.0	83.6535	241.401	224.875	-65.0416	115.683	100.434	97.7738	95.3946
12.6	0.0	495.076	0.0	0.0	9.8387	0.0	83.6535	242.836	223.657	-64.7416	114.073	101.034	98.1826	95.7843
12.5	0.0	495.076	0.0	0.0	9.8387	0.0	83.6535	244.199	223.164	-62.9281	112.837	101.643	98.6089	96.2198
12.4	0.0	495.076	0.0	0.0	9.8387	0.0	83.6535	245.544	222.94	-61.6215	111.902	102.214	99.0223	96.6677
12.3	0.0	495.076	0.0	0.025155	9.86386	0.0	83.6535	246.881	221.462	-60.7478	111.197	102.739	99.4435	97.1186
12.2	0.170242	495.247	1.16639	0.0	12.3542	0.0	83.6535	247.457	219.824	-60.3095	110.674	103.246	99.8918	97.5743
12.1	0.306673	512.407	1.09334	0.0	12.3542	0.0	83.6535	249.105	218.228	-63.8252	110.301	103.758	100.363	98.0714
12.0	0.465957	543.234	1.2664	0.0	12.3542	0.0	83.6535	250.65	217.791	-69.6469	110.043	104.255	100.843	98.6231
11.9	0.531491	589.895	1.16425	0.0	12.3542	0.0	83.6535	252.12	218.026	-77.6259	109.874	104.741	101.34	99.2427
11.8	0.752372	643.265	1.20078	0.0	12.3542	0.0	83.6535	253.56	218.705	-85.3344	109.78	105.24	101.875	99.9407
11.7	0.113102	717.863	1.0	0.0	12.3542	0.102844	83.7563	255.052	226.553	-95.5226	109.751	105.741	102.47	100.773
11.6	0.0	729.06	1.0	0.0	12.3542	0.0919038	94.0297	246.0	195.043	-90.4468	121.495	102.724	100.351	100.994
11.5	0.0	729.06	0.0	0.0	12.3542	0.0	103.128	243.204	175.829	-87.0457	128.385	98.8463	98.0781	100.124
11.4	0.0	729.06	0.0	0.0	12.3542	0.0	103.128	240.854	153.736	-86.3666	132.301	96.5174	97.0073	98.8688
11.3	0.0	729.06	0.0	0.0	12.3542	0.0	103.128	240.79	142.983	-87.3223	134.676	95.4369	96.6729	97.831
11.2	0.0	729.06	0.0	0.0	12.3542	0.0	103.128	241.571	139.392	-88.6844	136.059	95.3161	96.672	96.9286
11.1	0.0	729.06	0.0	0.0	12.3542	0.0	103.128	242.637	132.07	-90.0691	136.769	95.5342	96.76	96.1815
11.0	0.0	729.06	0.0	0.0	12.3542	0.0	103.128	243.79	122.903	-91.6219	137.021	95.8699	96.8244	95.5562
10.9	0.0	729.06	0.0	0.0	12.3542	0.0	103.128	244.958	117.775	-93.297	136.96	96.2678	96.8388	95.1366
10.8	0.0	729.06	0.0	0.0	12.3542	0.0	103.128	246.113	114.929	-94.8814	136.689	96.6384	96.8214	94.804
10.7	0.0	729.06	0.0	0.0	12.3542	0.0	103.128	247.243	111.072	-96.3547	136.279	96.9383	96.7434	94.4547
10.6	0.0	729.06	0.0	0.0	12.3542	0.0	103.128	248.344	106.737	-97.8133	135.779	97.149	96.5967	94.0867
10.5	0.0	729.06	0.0	0.0	12.3542	0.0	103.128	249.42	104.158	-99.2648	135.22	97.2662	96.3853	93.6976
10.4	0.0	729.06	0.0	0.0	12.3542	0.0	103.128	250.474	102.604	-100.638	134.625	97.2935	96.1166	93.2863
10.3	0.0	729.06	0.0	0.0	12.3542	0.0	103.128	251.507	101.618	-101.914	134.008	97.2384	95.7986	92.8533
10.2	0.0	729.06	0.0	0.0	12.3542	0.0	103.128	252.524	100.519	-103.094	133.379	97.1101	95.4435	92.4004
10.1	0.0	729.06	0.0	0.0	12.3542	0.0	103.128	253.525	98.3353	-104.241	132.744	96.9192	95.1358	91.9522
10.0	0.0	729.06	0.0	0.0	12.3542	0.0	103.128	254.504	95.8097	-105.405	132.11	96.679	94.8659	91.661
9.9	0.0	729.06	0.0	0.0	12.3542	0.0	103.128	255.457	93.1093	-106.604	131.485	96.4007	94.569	91.3725
9.8	0.0	729.06	0.0	0.0	12.3542	0.0	103.128	256.387	90.2744	-107.847	130.88	96.0915	94.2366	91.0432
9.7	0.0	729.06	0.0	0.0	12.3542	0.0	103.128	257.297	87.3314	-109.14	130.291	95.7566	93.8758	90.6823
9.6	0.0	729.06	0.0	0.0	12.3542	0.0	103.128	258.189	84.3021	-110.485	129.715	95.4141	93.4921	90.2966
9.5	0.0	729.06	0.0	0.0	12.3542	0.0	103.128	259.064	81.1997	-111.883	129.151	95.1767	93.092	89.8919
9.4	0.0	729.06	0.0	0.0	12.3542	0.0	103.128	259.916	78.8792	-113.318	128.601	94.9837	92.6833	89.4737
9.3	0.0	729.06	0.0	0.0	12.3542	0.0	103.128	260.743	77.016	-114.748	128.067	94.7415	92.27	89.0468
9.2	0.0	729.06	0.0	0.0	12.3542	0.0	103.128	261.552	75.3955	-116.155	127.546	94.4515	91.8727	88.6214
9.1	0.0	729.06	0.0	0.0193606	12.3736	0.0	103.128	262.337	73.9716	-117.532	127.038	94.13	91.5782	88.3394
9.0	0.0	729.06	0.0	0.0731639	14.3634	0.0	103.128	262.478	73.2951	-118.856	126.566	93.7948	91.3186	88.0901
8.9	0.0	729.06	0.0	0.039356	21.646	0.0	103.128	261.184	73.8147	-120.083	126.209	93.4701	91.0453	87.8227
8.8	0.0	729.06	0.0	0.0486491	25.5909	0.0	103.128	261.662	72.5326	-121.273	125.94	93.1754	90.7813	87.5477
8.7	0.0	729.06	0.0	0.054291	30.4615	0.0	103.128	261.775	72.0319	-122.423	125.671	92.8988	90.518	87.2712
8.6	0.0	729.06	0.0	0.0538926	35.8902	0.0	103.128	261.797	71.5703	-123.525	125.42	92.6367	90.2572	86.9956
8.5	0.0	729.06	0.0	0.0545133	41.28	0.0	103.128	261.938	71.0226	-124.585	125.181	92.3879	90.0011	86.7231
8.4	0.0	729.06	0.0	0.0474567	46.7243	0.0	103.128	262.108	70.9514	-125.598	124.946	92.149	89.749	86.455
8.3	0.0	729.06	0.0	0.106027	51.5286	0.0	103.128	262.501	71.0723	-126.547	124.703	91.9377	89.4996	86.1916
8.2	0.0	729.06	0.0	0.0815459	62.1067	0.0	103.128	261.025	73.0688	-127.369	124.509	91.8011	89.2598	85.9334
8.1	0.0	729.06	0.0	0.0706279	70.2504	0.0	103.128	260.975	73.5511	-128.102	124.39	91.7113	89.0469	85.6867
8.0	0.0	729.06	0.0	0.068803	77.3114	0.0	103.128	261.27	74.1785	-128.764	124.255	91.6367	88.8485	85.4546
7.9	0.0	729.06	0.0	0.0666195	84.1895	0.0	103.128	261.499	75.1185	-129.347	124.091	91.5619	88.6634	85.284
7.8	0.0	729.06	0.0	0.0745035	90.8593	0.0	103.128	261.714	76.2122	-129.843	123.908	91.4833	88.5306	85.1824
7.7	0.0	729.06	0.0	0.0615604	98.2967	0.0	103.128	261.624	77.6969	-130.242	123.725	91.4028	88.4328	85.1094
7.6	0.0	729.06	0.0	0.070836	104.462	0.0	103.128	261.985	78.8782	-130.556	123.541	91.3133	88.3474	85.0292
7.5	0.0	729.06	0.0	0.075395	111.55	0.0	103.128	261.923	80.6675	-130.772	123.353	91.2084	88.2612	84.9427
7.4	0.0	729.06	0.0	0.0787112	119.093	0.0	103.128	261.765	81.4919	-130.907	123.186	91.0963	88.1751	84.8525
7.3	0.0	729.06	0.0	0.0465047	126.932	0.0	103.128	261.591	81.7221	-131.018	123.04	90.9833	88.0903	84.7609
7.2	0.0	729.06	0.0	0.0	131.536	0.0	103.128	262.502	80.6403	-131.157	122.875	90.8678	88.0026	84.6688
7.1	0.0	729.06	0.0	0.0603153	131.596	0.0	103.128	264.474	78.7415	-131.367	122.611	90.7306	87.8959	84.5724
7.0	0.0	729.06	0.0	0.138227	137.706	0.0	103.128	263.823	79.3382	-131.569	122.32	90.5623	87.7677	84.4648
6.9	0.0	729.06	0.0	0.101787	151.492	0.0	103.128	261.157	81.0079	-131.699	122.197	90.402	87.6443	84.3487
6.8	0.0	729.06	0.0	0.0	161.569	0.0	103.128	260.761	80.0459	-131.84	122.21	90.285	87.5513	84.2364
6.7	0.0	729.06	0.0	0.0541037	161.623	0.0	103.128	263.557	76.7808	-132.096	122.113	90.1834	87.4591	84.1323
6.6	0.0	729.06	0.0	0.1021	167.081	0.0	103.128	263.479	76.7388	-132.373	121.891	90.0546	87.3364	84.0252
6.5	0.0	729.06	0.0	0.0577814	177.247	0.0	103.128	262.044	77.1587	-132.614	121.746	89.9198	87.2109	83.9112
6.4	0.0	729.06	0.0	0.0613055	183.029	0.0	103.128	262.596	75.8512	-132.886	121.652	89.7992	87.0983	83.7964
6.3	0.0	729.06	0.0	0.0	189.098	0.0	103.128	262.813	75.3582	-133.165	121.524	89.6797	86.9835	83.6824
6.2	0.0	729.06	0.0	0.0406312	189.138	0.0	103.128	264.847	73.3559	-133.493	121.316	89.5485	86.8563	83.5663
6.1	0.0	729.06	0.0	0.0282647	193.189	0.0	103.128	264.86	73.5685	-133.804	121.044	89.3878	86.7042	83.4407
6.0	0.0	729.06	0.0	0.0	195.987	0.0	103.128	265.401	72.9216	-134.104	120.789	89.2116	86.5426	83.3039
5.9	0.0	729.06	0.0	0.0684355	196.056	0.0	103.128	266.695	71.8908	-134.419	120.5	89.0193	86.3685	83.1563
5.8	0.0	729.06	0.0	0.0	202.831	0.0	103.128	265.499	73.1306	-134.674	120.244	88.8134	86.1846	82.997
5.7	0.0	729.06	0.0	0.0378942	202.869	0.0	103.128	267.05	71.5633	-134.947	120.019	88.6202	86.0058	82.8313
5.6	0.0	729.06	0.0	0.0341958	206.655	0.0	103.128	266.888	72.0903	-135.196	119.765	88.4622	85.8175	82.6593
5.5	0.0	729.06	0.0	0.0331935	210.073	0.0	103.128	267.043	71.9964	-135.42	119.547	88.3314	85.632	82.4825
5.4	0.0	729.06	0.0	0.0366326	213.396	0.0	103.128	267.266	71.2057	-135.644	119.345	88.2149	85.4508	82.304
5.3	0.0	729.06	0.0	0.0387724	217.061	0.0	103.128	267.38	70.0886	-135.901	119.155	88.1053	85.2895	82.1623
5.2	0.0	729.06	0.0	0.0	220.9	0.0	103.128	267.479	68.6683	-136.206	118.98	88.0011	85.1616	82.0715
5.1	0.0	729.06	0.0	0.0	220.9	0.0	103.128	268.823	66.0253	-136.599	118.775	87.8966	85.0523	82.0053
5.0	0.0	729.06	0.0	0.0307477	220.931	0.0	103.128	269.703	63.9365	-137.07	118.513	87.7784	84.9406	81.9336
4.9	0.0734102	729.133	1.21373	0.0	223.975	0.0	103.128	269.416	62.6047	-137.595	118.266	87.6454	84.8234	81.8434
4.8	0.0238594	736.425	1.26899	0.0	223.975	0.0	103.128	270.339	59.814	-139.573	118.041	87.4999	84.708	81.758
4.7	0.0	738.787	0.0	0.0	223.975	0.0	103.128	271.001	57.4552	-140.35	117.795	87.339	84.5906	81.6745
4.6	0.0	738.787	0.0	0.0380993	224.013	0.0	103.128	271.527	55.2357	-140.717	117.549	87.1657	84.4669	81.574
4.5	0.0	738.787	0.0	0.044613	227.829	0.0	103.128	270.791	54.022	-141.199	117.351	86.9902	84.3395	81.4564
4.4	0.0907734	738.878	1.20497	0.0	232.246	0.0	103.128	270.284	52.6385	-141.789	117.233	86.8315	84.2211	81.3313
4.3	0.0618922	747.926	1.27623	0.0	232.246	0.0	103.128	271.439	49.9746	-144.186	117.109	86.6881	84.1095	81.2255
4.2	0.108787	754.162	1.2171	0.0	232.246	0.0	103.128	272.181	48.0519	-145.713	116.929	86.5408	83.9972	81.1413
4.1	0.0	764.932	0.0	0.0254935	232.271	0.0	103.128	272.718	46.2376	-147.97	116.731	86.386	83.8857	81.0714
4.0	0.157072	765.089	1.15742	0.0	234.795	0.0	103.128	272.379	45.2457	-147.908	116.562	86.2299	83.7789	80.9878
3.9	0.182548	780.822	1.10284	0.0	234.795	0.0	103.128	273.107	43.0874	-151.057	116.415	86.0814	83.6748	80.9063
3.8	0.0	798.894	0.0	0.0120507	234.807	0.0	103.128	273.669	41.1937	-154.136	116.245	85.9333	83.5735	80.8416
3.7	0.188828	799.083	1.22455	0.0	236.0	0.0	103.128	273.774	39.2795	-153.402	116.079	85.7853	83.4728	80.7579
3.6	0.0	817.777	0.0	0.0268817	236.027	0.0	103.128	274.317	35.2373	-156.648	115.922	85.6413	83.3712	80.6898
3.5	0.136792	817.914	1.14296	0.0	238.688	0.0	103.128	273.917	31.5066	-156.054	115.786	85.5023	83.2785	80.6177
3.4	0.0	831.456	0.0	0.0203482	238.709	0.0	103.128	274.641	26.4012	-158.568	115.667	85.3864	83.1868	80.5333
3.3	0.0	831.456	0.0	0.015041	240.738	0.0	103.128	274.538	22.0621	-158.439	115.544	85.3156	83.092	80.4359
3.2	0.0	831.456	0.0	0.0126853	242.24	0.0	103.128	274.75	17.7272	-158.847	115.438	85.2678	82.9926	80.3148
3.1	0.0	831.456	0.0	0.0179687	243.514	0.0	103.128	275.035	14.7548	-159.62	115.327	85.2284	82.8855	80.1809
3.0	0.0	831.456	0.0	0.0211574	245.314	0.0	103.128	275.124	12.4363	-160.617	115.212	85.1911	82.7716	80.04
2.9	0.0544915	831.511	1.24288	0.0	247.408	0.0	103.128	275.168	10.4234	-161.771	115.104	85.1554	82.6549	79.896
2.8	0.0	836.905	0.0	0.0199177	247.428	0.0	103.128	275.924	8.01978	-164.03	114.979	85.118	82.537	79.7651
2.7	0.0	836.905	0.0	0.0	249.4	0.0	103.128	275.835	6.42198	-165.107	114.841	85.0753	82.4191	79.6377
2.6	0.0	836.905	0.0	0.0528662	249.453	0.0	103.128	276.485	3.83434	-166.321	114.703	85.027	82.3006	79.503
2.5	0.00142776	836.907	1.0	0.0	254.687	0.0128131	103.141	275.315	2.62958	-167.604	114.596	84.9637	82.1882	79.3656
2.4	0.0327264	837.081	1.06595	0.0	254.687	0.0	104.41	276.757	-0.971004	-169.039	114.499	84.8989	82.089	79.2332
2.3	0.0	840.321	0.0	0.00948934	254.696	0.0	104.41	277.277	-3.39232	-171.115	114.341	84.8154	81.9852	79.1351
2.2	0.0	840.321	0.0	0.0202213	255.656	0.0	104.41	277.398	-5.53663	-172.501	114.185	84.7172	81.889	79.0655
2.1	0.0	840.321	0.0	0.0181836	257.676	0.0	104.41	277.236	-7.12298	-173.941	114.058	84.6148	81.8046	79.0088
2.0	0.0	840.321	0.0	0.017946	259.494	0.0	104.41	277.282	-8.75262	-175.406	113.956	84.516	81.7322	78.961
1.9	0.0205542	840.341	1.41273	0.0	261.271	0.0	104.41	277.384	-10.2734	-176.886	113.864	84.4222	81.6666	78.9093
1.8	0.0	842.376	0.0	0.0145899	261.285	0.0	104.41	278.054	-12.1361	-178.747	113.757	84.3303	81.6006	78.8571
1.7	0.0434446	842.42	1.15754	0.0	262.73	0.0	104.41	278.06	-13.4061	-180.143	113.64	84.2352	81.5316	78.8002
1.6	0.0	846.721	1.0	0.0	262.73	0.00909712	104.419	278.61	-15.4668	-182.341	113.524	84.1395	81.4603	78.7408
1.5	0.0	846.721	0.0	0.0168417	262.747	0.0	105.319	279.3	-17.5184	-183.603	113.385	84.0382	81.3831	78.676
1.4	0.0	846.721	0.0	0.0422727	264.456	0.0	105.319	278.979	-18.771	-184.914	113.254	83.9315	81.2992	78.5996
1.3	0.0	846.721	0.0	0.0200615	268.661	0.0	105.319	278.074	-19.8293	-186.239	113.187	83.8339	81.2204	78.517
1.2	0.0	846.721	0.0	0.0	270.647	0.0	105.319	278.278	-21.5813	-187.598	113.157	83.7541	81.1516	78.4348
1.1	0.0	846.721	0.0	0.0	270.647	0.0	105.319	279.05	-22.785	-188.966	113.091	83.6803	81.0814	78.3549
1.0	0.0	846.721	0.0	0.0	270.647	0.0	105.319	279.558	-23.358	-190.295	112.983	83.6005	81.0024	78.2745
0.9	0.0	846.721	0.0	0.0102941	270.658	0.0	105.319	279.937	-23.5248	-191.564	112.859	83.5123	80.9159	78.1913
0.8	0.0	846.721	0.0	0.0	271.677	0.0	105.319	279.929	-23.1728	-192.746	112.74	83.4184	80.8258	78.1047
0.7	0.0	846.721	0.0	0.0	271.677	0.0	105.319	280.335	-22.8851	-193.845	112.627	83.3232	80.7352	78.0158
0.6	0.0	846.721	0.0	0.0	271.677	0.0	105.319	280.66	-21.983	-194.844	112.507	83.2245	80.6417	77.9249
0.5	0.0	846.721	0.0	0.00950545	271.686	0.0	105.319	280.941	-20.7687	-195.725	112.384	83.1227	80.5457	77.8318
0.4	0.0	846.721	0.0	0.0	272.627	0.0	105.319	280.9	-19.0231	-196.474	112.272	83.0198	80.4492	77.737
0.3	0.0	846.721	0.0	0.0646728	272.692	0.0	105.319	281.232	-17.2975	-197.097	112.167	82.9192	80.3544	77.6416
0.2	0.0	846.721	0.0	0.0	279.095	0.0	105.319	279.46	-13.5077	-197.532	112.123	82.8273	80.2672	77.5472
0.1	0.0	846.721	0.0	0.0	279.095	0.0	105.319	280.473	-11.3346	-197.823	112.115	82.7581	80.1972	77.4596
0.0	0.0286147	846.749	1.17313	0.0	279.095	0.0	105.319	281.078	-7.81764	-197.946	112.042	82.6891	80.123	77.3774
