year_kyrBP	geologic_carbon_rate_PgCyr	geologic_carbon_cumulative_PgC	alk_to_dic_ratio	terrestrial_carbon_uptake_rate_PgCyr	terrestrial_carbon_uptake_cumulative_PgC	terrestrial_carbon_release_rate_PgCyr	terrestrial_carbon_release_cumulative_PgC	atmospheric_CO2_ppm	atmospheric_∆14C_permil	deep_atlantic_CO3_umolkg	deep_indian_CO3_umolkg	deep_south_pacific_CO3_umolkg	deep_south_pacific_CO3_umolkg
20.0	0.0	0.0	0.0	0.0	0.0	0.0	0.0	187.948	413.373	107.636	92.0964	89.5112	88.8986
19.9	0.0	0.0	0.0	0.0	0.0	0.0	0.0	187.948	412.48	107.636	92.0964	89.5112	88.8986
19.8	0.0	0.0	0.0	0.0	0.0	0.0	0.0	187.948	411.874	107.636	92.0964	89.5112	88.8986
19.7	0.0	0.0	0.0	0.0	0.0	0.0	0.0	187.948	411.658	107.636	92.0964	89.5112	88.8986
19.6	0.0117627	0.0117627	1.0	0.0	0.0	0.0294063	0.0294063	187.961	411.654	107.636	92.0964	89.5112	88.8986
19.5	0.0	1.17627	0.0	0.0	0.0	0.0	2.94063	188.795	408.609	107.633	92.0941	89.509	88.8985
19.4	0.0	1.17627	0.0	0.0	0.0	0.0	2.94063	188.474	406.408	107.62	92.0848	89.5011	88.8957
19.3	0.0	1.17627	0.0	0.0	0.0	0.0	2.94063	188.349	403.832	107.607	92.0741	89.4934	88.8904
19.2	0.0	1.17627	0.0	0.0	0.0	0.0	2.94063	188.289	401.256	107.595	92.0646	89.4869	88.8842
19.1	0.0	1.17627	0.0	0.0	0.0	0.0	2.94063	188.254	400.446	107.587	92.0577	89.4811	88.8778
19.0	0.0	1.17627	0.0	0.0	0.0	0.0	2.94063	188.229	400.699	107.58	92.054	89.476	88.8717
18.9	0.0	1.17627	0.0	0.0	0.0	0.0	2.94063	188.21	399.053	107.575	92.052	89.4716	88.866
18.8	0.0	1.17627	0.0	0.0	0.0	0.0	2.94063	188.194	396.345	107.571	92.051	89.4677	88.861
18.7	0.0	1.17627	0.0	0.0	0.0	0.0	2.94063	188.18	394.499	107.568	92.0504	89.4645	88.8566
18.6	0.0	1.17627	0.0	0.0	0.0	0.0	2.94063	188.169	393.079	107.566	92.0502	89.4619	88.8528
18.5	0.0	1.17627	0.0	0.0	0.0	0.0	2.94063	188.159	391.713	107.564	92.0501	89.4597	88.8495
18.4	0.0	1.17627	0.0	0.00900756	0.00900756	0.0	2.94063	188.146	390.43	107.563	92.0501	89.458	88.8469
18.3	0.0	1.17627	0.0	0.0	0.900756	0.0	2.94063	187.885	387.652	107.563	92.0508	89.4573	88.8449
18.2	0.0	1.17627	0.0	0.0	0.900756	0.0	2.94063	187.978	383.153	107.567	92.0531	89.4587	88.8442
18.1	0.0	1.17627	0.0	0.0	0.900756	0.0	2.94063	188.011	379.509	107.571	92.0553	89.4603	88.8446
18.0	0.0	1.17627	0.0	0.0	0.900756	0.0	2.94063	188.025	376.134	107.574	92.0568	89.4617	88.8455
17.9	0.0	1.17627	0.0	0.0	0.900756	0.0	2.94063	188.031	375.234	107.577	92.0578	89.4631	88.8468
17.8	0.0	1.17627	0.0	0.0	0.900756	0.0	2.94063	188.035	375.858	107.579	92.0585	89.4643	88.8481
17.7	0.0	1.17627	0.0	0.0	0.900756	0.0	2.94063	188.037	373.96	107.581	92.059	89.4654	88.8494
17.6	0.0	1.17627	0.0	0.0	0.900756	0.0	2.94063	188.039	370.676	107.583	92.0594	89.4665	88.8507
17.5	0.273447	1.44972	1.05262	0.0	0.900756	0.0	2.94063	188.041	370.804	107.584	92.0597	89.4675	88.8519
17.4	0.483656	29.0046	1.22695	0.0	0.900756	0.0	2.94063	190.815	404.214	107.761	92.1691	89.4841	88.8414
17.3	0.424182	77.3108	1.20727	0.0	0.900756	0.0	2.94063	191.729	413.537	107.821	92.3045	89.6753	89.1581
17.2	0.460786	119.766	1.05928	0.0	0.900756	0.0	2.94063	192.245	418.496	107.762	92.4603	90.0304	89.7496
17.1	0.692987	166.076	1.09958	0.0	0.900756	0.0	2.94063	192.809	420.963	107.632	92.6611	90.5257	90.4562
17.0	0.498428	235.18	1.0	0.0	0.900756	0.0185203	2.95915	193.577	421.334	107.478	92.9569	91.1195	91.261
16.9	0.273261	284.798	1.0	0.0	0.900756	0.0602926	4.85296	195.12	414.632	107.332	93.3306	91.7977	92.0789
16.8	0.222174	312.073	1.0	0.0	0.900756	0.0593444	10.8813	197.84	402.788	107.207	93.7688	92.4852	92.8004
16.7	0.184404	334.253	1.0	0.0	0.900756	0.0748193	16.8312	200.085	391.144	107.102	94.2494	93.1674	93.5183
16.6	0.221608	352.73	1.0	0.0	0.900756	0.109692	24.348	202.635	378.056	107.017	94.7582	93.8435	94.2252
16.5	0.504724	375.174	1.12424	0.0	0.900756	0.0	35.2075	205.953	375.715	106.95	95.2837	94.4979	94.9154
16.4	0.637928	425.78	1.00748	0.0	0.900756	0.0	35.2075	205.552	386.321	106.902	95.7727	95.1471	95.6116
16.3	0.76783	489.702	1.10828	0.0	0.900756	0.0	35.2075	206.219	390.814	106.905	96.316	95.8123	96.2904
16.2	0.554728	566.272	1.0	0.0	0.900756	0.0526307	35.2601	207.405	392.76	106.968	96.9194	96.5157	97.0592
16.1	0.265834	621.456	1.0	0.0	0.900756	0.127841	40.5984	210.442	379.76	107.083	97.564	97.2683	97.861
16.0	0.259033	648.033	1.0	0.0	0.900756	0.0753187	53.33	215.254	357.031	107.22	98.2147	97.9958	98.5999
15.9	0.279252	673.956	1.0	0.0	0.900756	0.041592	60.8281	217.45	347.31	107.351	98.8301	98.6672	99.2134
15.8	0.383925	701.986	1.06796	0.0	0.900756	0.0	64.9457	218.728	343.634	107.487	99.3736	99.2611	99.7396
15.7	0.406456	740.401	1.07107	0.0	0.900756	0.0	64.9457	219.148	342.131	107.645	99.9394	99.8359	100.273
15.6	0.421293	781.062	1.16047	0.0	0.900756	0.0	64.9457	220.185	340.61	107.843	100.547	100.436	100.838
15.5	0.410257	823.18	1.18387	0.0	0.900756	0.0	64.9457	221.467	338.078	108.081	101.188	101.065	101.467
15.4	0.503108	864.299	1.2236	0.0	0.900756	0.0	64.9457	222.835	334.995	108.355	101.856	101.727	102.169
15.3	0.624735	914.731	1.17099	0.0	0.900756	0.0	64.9457	224.225	333.417	108.659	102.536	102.433	102.91
15.2	0.732984	977.313	1.19742	0.0	0.900756	0.0	64.9457	225.647	332.719	108.983	103.169	103.156	103.687
15.1	0.950003	1050.83	1.22243	0.0	0.900756	0.0	64.9457	227.1	338.325	109.325	103.832	103.925	104.572
15.0	1.14399	1146.02	1.24232	0.0	0.900756	0.0	64.9457	228.54	348.126	109.684	104.526	104.768	105.629
14.9	1.31015	1260.59	1.27413	0.0	0.900756	0.0	64.9457	229.93	354.82	110.063	105.25	105.732	106.877
14.8	1.19103	1391.48	1.2836	0.0	0.900756	0.0	64.9457	231.222	359.569	110.467	106.008	106.818	108.367
14.7	0.0	1509.4	1.0	0.0	0.900756	0.000535188	64.9463	232.354	347.804	110.903	106.758	108.06	110.09
14.6	0.0	1509.4	1.0	0.0	0.900756	0.0023137	65.0016	224.274	272.644	126.909	104.034	106.392	110.765
14.5	0.0	1509.4	0.0	0.0	0.900756	0.0	65.2306	221.743	245.016	136.868	100.582	104.495	109.995
14.4	0.0	1509.4	0.0	0.0	0.900756	0.0	65.2306	221.71	229.133	142.835	98.698	103.705	108.629
14.3	0.0	1509.4	0.0	0.0	0.900756	0.0	65.2306	222.639	215.664	146.479	98.3165	103.565	107.203
14.2	0.0	1509.4	0.0	0.0	0.900756	0.0	65.2306	223.872	204.254	148.65	98.7107	103.658	105.989
14.1	0.0	1509.4	0.0	0.0	0.900756	0.0	65.2306	225.179	198.594	149.852	99.3091	103.803	105.023
14.0	0.0	1509.4	0.0	0.0	0.900756	0.0	65.2306	226.491	196.456	150.403	100.0	103.875	104.142
13.9	0.0	1509.4	0.0	0.0	0.900756	0.0	65.2306	227.787	191.99	150.511	100.712	103.833	103.32
13.8	0.0	1509.4	0.0	0.0	0.900756	0.0	65.2306	229.06	186.408	150.317	101.345	103.674	102.557
13.7	0.0	1509.4	0.0	0.0	0.900756	0.0	65.2306	230.309	182.397	149.916	101.852	103.449	101.984
13.6	0.0	1509.4	0.0	0.0	0.900756	0.0	65.2306	231.533	179.245	149.374	102.219	103.163	101.373
13.5	0.0	1509.4	0.0	0.0	0.900756	0.0	65.2306	232.732	182.984	148.736	102.443	102.803	100.728
13.4	0.0	1509.4	0.0	0.0	0.900756	0.0	65.2306	233.909	190.874	148.034	102.491	102.445	100.065
13.3	0.112007	1509.51	1.46139	0.0	0.900756	0.0	65.2306	235.063	187.812	147.29	102.442	102.095	99.413
13.2	0.155106	1520.75	1.31179	0.0	0.900756	0.0	65.2306	238.702	210.327	139.821	102.562	101.637	99.0634
13.1	0.0	1536.11	0.0	0.124609	1.02537	0.0	65.2306	240.995	217.336	133.916	102.691	101.341	98.9626
13.0	0.0	1536.11	0.0	0.0619686	13.4236	0.0	65.2306	239.066	227.832	129.281	103.026	101.355	98.996
12.9	0.40453	1536.51	1.36188	0.0	19.5585	0.0	65.2306	240.108	233.963	125.714	103.583	101.584	99.1117
12.8	0.450918	1577.01	1.32551	0.0	19.5585	0.0	65.2306	242.582	238.491	122.944	104.232	101.917	99.4845
12.7	0.29912	1621.95	1.36418	0.0	19.5585	0.0	65.2306	244.197	239.514	120.768	104.88	102.357	100.156
12.6	0.0	1651.56	0.0	0.0313584	19.5899	0.0	65.2306	245.585	237.6	119.091	105.537	102.885	100.963
12.5	0.0500504	1651.61	1.41406	0.0	22.6944	0.0	65.2306	245.977	237.745	117.812	106.176	103.514	101.707
12.4	0.0	1656.57	0.0	0.0546988	22.7491	0.0	65.2306	247.67	236.702	116.853	106.806	104.171	102.364
12.3	0.0	1656.57	0.0	0.0494249	28.2137	0.0	65.2306	247.512	236.89	116.144	107.444	104.803	102.896
12.2	0.392596	1656.96	1.24124	0.0	33.1068	0.0	65.2306	248.086	234.803	115.635	108.105	105.392	103.358
12.1	0.533533	1696.36	1.19225	0.0	33.1068	0.0	65.2306	250.371	232.225	115.284	108.763	105.932	103.917
12.0	0.702898	1749.88	1.296	0.0	33.1068	0.0	65.2306	252.228	231.142	115.043	109.379	106.476	104.613
11.9	0.763569	1820.24	1.22361	0.0	33.1068	0.0	65.2306	253.852	230.736	114.885	109.956	107.087	105.502
11.8	0.999326	1896.83	1.24288	0.0	33.1068	0.0	65.2306	255.358	230.792	114.802	110.512	107.825	106.541
11.7	0.240782	1996.0	1.0	0.0	33.1068	0.0638984	65.2945	256.842	238.253	114.792	111.072	108.658	107.655
11.6	0.0646951	2019.9	1.0	0.0	33.1068	0.12413	71.7446	247.0	206.256	127.261	107.992	106.537	107.913
11.5	0.0	2026.31	1.0	0.0	33.1068	0.0294127	84.0629	245.942	184.413	134.736	103.987	104.189	106.931
11.4	0.0	2026.31	1.0	0.0	33.1068	0.0392659	87.014	244.516	161.288	138.982	101.53	102.975	105.567
11.3	0.0	2026.31	1.0	0.0	33.1068	0.0473513	90.9487	245.37	149.696	141.499	100.446	102.552	104.221
11.2	0.0	2026.31	0.0	0.0	33.1068	0.0	95.6365	247.033	145.563	142.87	100.17	102.47	103.017
11.1	0.0	2026.31	0.0	0.0	33.1068	0.0	95.6365	247.381	139.277	143.526	100.329	102.441	102.109
11.0	0.0	2026.31	0.0	0.0	33.1068	0.0	95.6365	248.303	130.284	143.761	100.688	102.411	101.369
10.9	0.0	2026.31	0.0	0.0	33.1068	0.0	95.6365	249.437	125.321	143.687	101.098	102.333	100.68
10.8	0.0	2026.31	0.0	0.0	33.1068	0.0	95.6365	250.646	122.621	143.39	101.47	102.185	100.028
10.7	0.0	2026.31	0.0	0.0	33.1068	0.0	95.6365	251.874	118.845	142.936	101.759	101.945	99.3943
10.6	0.0	2026.31	0.0	0.0	33.1068	0.0	95.6365	253.102	114.546	142.373	101.945	101.63	98.8189
10.5	0.0	2026.31	0.0	0.0	33.1068	0.0	95.6365	254.321	112.008	141.734	102.023	101.295	98.3892
10.4	0.0	2026.31	0.0	0.0	33.1068	0.0	95.6365	255.524	110.494	141.046	102.001	100.931	97.9041
10.3	0.0	2026.31	0.0	0.0	33.1068	0.0	95.6365	256.711	109.542	140.327	101.889	100.522	97.3791
10.2	0.0	2026.31	0.0	0.0	33.1068	0.0	95.6365	257.882	108.461	139.588	101.696	100.068	96.8243
10.1	0.0	2026.31	0.0	0.0	33.1068	0.0	95.6365	259.041	106.269	138.839	101.433	99.5755	96.246
10.0	0.0	2026.31	0.0	0.0	33.1068	0.0	95.6365	260.189	103.721	138.086	101.11	99.0514	95.6489
9.9	0.0	2026.31	0.0	0.0	33.1068	0.0	95.6365	261.326	100.991	137.335	100.736	98.6281	95.1598
9.8	0.0	2026.31	0.0	0.0	33.1068	0.0	95.6365	262.442	98.1238	136.59	100.327	98.2536	94.7734
9.7	0.0	2026.31	0.0	0.0248533	33.1316	0.0	95.6365	263.523	95.1887	135.856	99.8924	97.8271	94.3489
9.6	0.0	2026.31	0.0	0.0449945	35.6371	0.0	95.6365	263.817	92.879	135.163	99.4397	97.3692	93.8923
9.5	0.0	2026.31	0.0	0.0604943	40.152	0.0	95.6365	263.774	90.625	134.554	98.9952	96.9007	93.4137
9.4	0.0	2026.31	0.0	0.0	46.141	0.0	95.6365	263.644	89.0674	134.034	98.7108	96.4373	92.9247
9.3	0.0	2026.31	0.0	0.0591651	46.2001	0.0	95.6365	265.676	86.0649	133.502	98.4912	95.9801	92.4347
9.2	0.0	2026.31	0.0	0.0623637	52.1198	0.0	95.6365	265.311	85.8882	132.954	98.2112	95.5165	91.9536
9.1	0.0	2026.31	0.0	0.0959557	58.3898	0.0	95.6365	265.282	85.0591	132.489	97.9025	95.1706	91.6355
9.0	0.0	2026.31	0.0	0.137588	68.027	0.0	95.6365	264.429	85.1931	132.112	97.5939	94.9312	91.3507
8.9	0.0	2026.31	0.0	0.097661	81.7459	0.0	95.6365	262.814	85.865	131.874	97.315	94.6952	91.0708
8.8	0.0	2026.31	0.0	0.10304	91.5173	0.0	95.6365	263.142	84.7101	131.71	97.077	94.4669	90.7992
8.7	0.0	2026.31	0.0	0.105576	101.824	0.0	95.6365	263.154	84.3048	131.523	96.8591	94.2377	90.5361
8.6	0.0	2026.31	0.0	0.102521	112.378	0.0	95.6365	263.096	83.9164	131.331	96.653	94.0093	90.28
8.5	0.0	2026.31	0.0	0.100838	122.629	0.0	95.6365	263.17	83.4279	131.134	96.4545	93.7831	90.0304
8.4	0.0	2026.31	0.0	0.0916964	132.704	0.0	95.6365	263.281	83.4141	130.924	96.2589	93.5579	89.7865
8.3	0.0	2026.31	0.0	0.14895	141.93	0.0	95.6365	263.623	83.5923	130.695	96.0618	93.3318	89.5469
8.2	0.0	2026.31	0.0	0.122951	156.799	0.0	95.6365	262.101	85.6439	130.512	95.8673	93.1108	89.311
8.1	0.0	2026.31	0.0	0.110767	169.082	0.0	95.6365	262.017	86.1931	130.398	95.6943	92.9107	89.084
8.0	0.0	2026.31	0.0	0.107878	180.156	0.0	95.6365	262.282	86.8889	130.257	95.5323	92.7189	88.8679
7.9	0.0	2026.31	0.0	0.104751	190.941	0.0	95.6365	262.484	87.8994	130.081	95.3986	92.527	88.6628
7.8	0.0	2026.31	0.0	0.111891	201.423	0.0	95.6365	262.677	89.0668	129.881	95.2959	92.3447	88.5265
7.7	0.0	2026.31	0.0	0.0981593	212.598	0.0	95.6365	262.566	90.6272	129.676	95.2037	92.1868	88.4375
7.6	0.0	2026.31	0.0	0.106806	222.423	0.0	95.6365	262.911	91.8908	129.467	95.1155	92.051	88.3671
7.5	0.0	2026.31	0.0	0.110699	233.108	0.0	95.6365	262.831	93.7609	129.252	95.0258	91.9396	88.2825
7.4	0.0	2026.31	0.0	0.113318	244.18	0.0	95.6365	262.655	94.6565	129.057	94.9378	91.8432	88.188
7.3	0.0	2026.31	0.0	0.0801358	255.479	0.0	95.6365	262.462	94.9524	128.884	94.8532	91.7526	88.0903
7.2	0.0	2026.31	0.0	0.0584786	263.471	0.0	95.6365	263.345	93.9774	128.69	94.7672	91.6606	87.9917
7.1	0.0	2026.31	0.0	0.0835381	269.344	0.0	95.6365	264.5	92.822	128.42	94.6647	91.5532	87.8891
7.0	0.0	2026.31	0.0	0.166824	277.781	0.0	95.6365	264.41	92.7692	128.124	94.5407	91.4304	87.7779
6.9	0.0	2026.31	0.0	0.131161	294.427	0.0	95.6365	261.865	94.4645	127.959	94.408	91.3162	87.6606
6.8	0.0624376	2026.37	1.54428	0.0	307.412	0.0	95.6365	261.508	93.4953	127.931	94.3034	91.2308	87.5489
6.7	0.0	2032.55	0.0	0.0907078	307.503	0.0	95.6365	265.143	89.4467	127.756	94.199	91.1432	87.4782
6.6	0.0	2032.55	0.0	0.132696	316.616	0.0	95.6365	264.409	90.0746	127.449	94.0497	91.0311	87.41
6.5	0.0	2032.55	0.0	0.0862406	329.839	0.0	95.6365	262.811	90.4919	127.27	93.8946	90.9225	87.3136
6.4	0.0	2032.55	0.0	0.0888953	338.466	0.0	95.6365	263.316	89.2395	127.156	93.7573	90.8241	87.206
6.3	0.0	2032.55	0.0	0.0597606	347.326	0.0	95.6365	263.497	88.8487	127.007	93.6228	90.7181	87.093
6.2	0.0	2032.55	0.0	0.055596	353.298	0.0	95.6365	264.497	87.7704	126.811	93.482	90.5973	86.9743
6.1	0.0	2032.55	0.0	0.04972	358.852	0.0	95.6365	265.241	87.1623	126.551	93.3216	90.4521	86.8456
6.0	0.0	2032.55	0.0	0.0439214	363.818	0.0	95.6365	265.941	86.5945	126.255	93.1388	90.2855	86.7036
5.9	0.0	2032.55	0.0	0.0847659	368.251	0.0	95.6365	266.623	86.1442	125.934	92.9342	90.1001	86.5468
5.8	0.0	2032.55	0.0	0.0475459	376.69	0.0	95.6365	265.898	86.8939	125.649	92.7164	89.9045	86.376
5.7	0.0	2032.55	0.0	0.0505792	381.448	0.0	95.6365	266.734	86.0774	125.396	92.5006	89.7103	86.1964
5.6	0.0	2032.55	0.0	0.0530793	386.508	0.0	95.6365	267.211	85.9305	125.114	92.2778	89.507	86.0095
5.5	0.0	2032.55	0.0	0.0539675	391.817	0.0	95.6365	267.526	85.8714	124.828	92.0479	89.2956	85.8151
5.4	0.0	2032.55	0.0	0.0582266	397.218	0.0	95.6365	267.798	85.1076	124.544	91.8605	89.0797	85.614
5.3	0.0	2032.55	0.0	0.0608729	403.043	0.0	95.6365	267.934	84.0216	124.269	91.7169	88.8634	85.4102
5.2	0.00130109	2032.55	2.0	0.0	409.07	0.0	95.6365	268.055	82.5999	124.011	91.5925	88.6609	85.2648
5.1	0.0	2032.68	0.0	0.0387832	409.109	0.0	95.6365	270.093	79.4562	123.696	91.469	88.4938	85.1668
5.0	0.216952	2032.9	1.31893	0.0	412.948	0.0	95.6365	270.227	78.1007	123.324	91.3296	88.3378	85.0749
4.9	0.222561	2054.6	1.29407	0.0	412.948	0.0	95.6365	271.64	74.8395	122.945	91.1627	88.1933	85.0283
4.8	0.0	2076.63	0.0	0.0445693	412.993	0.0	95.6365	272.559	72.0107	122.546	90.9552	88.0715	85.0494
4.7	0.0	2076.63	0.0	0.0283281	417.433	0.0	95.6365	271.915	70.5939	122.228	90.7284	87.9693	85.0318
4.6	0.20153	2076.84	1.35854	0.0	420.238	0.0	95.6365	272.254	68.1973	121.998	90.5108	87.8647	84.9424
4.5	0.222197	2097.01	1.40959	0.0	420.238	0.0	95.6365	273.428	64.9983	121.755	90.2995	87.75	84.8839
4.4	0.220828	2119.23	1.3424	0.0	420.238	0.0	95.6365	274.167	62.4213	121.483	90.0834	87.6502	84.9074
4.3	0.0	2141.09	0.0	0.0640058	420.302	0.0	95.6365	274.678	60.142	121.228	89.8658	87.5782	84.969
4.2	0.244427	2141.33	1.26977	0.0	426.638	0.0	95.6365	273.188	59.8172	121.072	89.6637	87.5233	84.9618
4.1	0.289493	2165.82	1.30317	0.0	426.638	0.0	95.6365	274.446	56.8046	120.973	89.4951	87.4668	84.9313
4.0	0.28317	2194.76	1.26806	0.0	426.638	0.0	95.6365	275.233	54.5316	120.816	89.3359	87.4109	84.9575
3.9	0.307069	2223.11	1.22472	0.0	426.638	0.0	95.6365	275.807	52.2946	120.65	89.1794	87.3688	85.0142
3.8	0.27592	2253.78	1.29988	0.0	426.638	0.0	95.6365	276.306	50.0657	120.495	89.0279	87.3376	85.0705
3.7	0.302599	2281.4	1.30748	0.0	426.638	0.0	95.6365	276.747	47.3217	120.357	88.8841	87.3134	85.1305
3.6	0.255972	2311.61	1.3473	0.0	426.638	0.0	95.6365	277.124	43.0487	120.239	88.7505	87.2989	85.1973
3.5	0.233097	2337.19	1.29734	0.0	426.638	0.0	95.6365	277.453	38.1772	120.143	88.6437	87.2905	85.2456
3.4	0.0	2360.26	0.0	0.0714307	426.71	0.0	95.6365	277.746	33.2491	120.066	88.5903	87.2811	85.264
3.3	0.0	2360.26	0.0	0.0483604	433.83	0.0	95.6365	275.866	30.1355	120.08	88.5687	87.2649	85.2036
3.2	0.0	2360.26	0.0	0.0405846	438.658	0.0	95.6365	275.617	25.8952	120.183	88.5766	87.2382	85.0866
3.1	0.0	2360.26	0.0	0.0438034	442.72	0.0	95.6365	275.762	23.0637	120.26	88.5913	87.1852	84.9172
3.0	0.0	2360.26	0.0	0.0459904	447.102	0.0	95.6365	275.797	20.8839	120.293	88.6011	87.0995	84.715
2.9	0.0	2360.26	0.0	0.0315482	451.687	0.0	95.6365	275.811	19.0104	120.295	88.6039	86.9878	84.4957
2.8	0.0	2360.26	0.0	0.0414951	454.852	0.0	95.6365	276.327	16.9886	120.253	88.5979	86.856	84.2688
2.7	0.0714258	2360.34	1.02114	0.0	458.96	0.0	95.6365	276.407	15.3313	120.174	88.5815	86.707	84.0389
2.6	0.0	2367.41	0.0	0.0849257	459.045	0.0	95.6365	277.828	12.2355	120.036	88.5541	86.5439	83.8129
2.5	0.113489	2367.52	1.16929	0.0	467.452	0.0	95.6365	276.151	11.561	119.909	88.5186	86.3719	83.588
2.4	0.0	2378.76	0.0	0.0245042	467.477	0.0	95.6365	277.907	7.56741	119.8	88.4891	86.2118	83.3884
2.3	0.0	2378.76	0.0	0.0378641	469.941	0.0	95.6365	278.242	5.36312	119.619	88.4461	86.0479	83.1988
2.2	0.0	2378.76	0.0	0.0463715	473.736	0.0	95.6365	278.142	3.40682	119.452	88.4001	85.8818	82.9992
2.1	0.0	2378.76	0.0	0.0435892	478.37	0.0	95.6365	277.919	1.87724	119.32	88.358	85.7194	82.7973
2.0	0.0	2378.76	0.0	0.043068	482.728	0.0	95.6365	277.947	0.315441	119.208	88.3061	85.5633	82.5988
1.9	0.0	2378.76	0.0	0.0339598	487.026	0.0	95.6365	278.038	-1.12534	119.099	88.2402	85.4123	82.4066
1.8	0.0	2378.76	0.0	0.0366685	490.425	0.0	95.6365	278.429	-2.67767	118.979	88.1623	85.2769	82.2306
1.7	0.0	2378.76	0.0	0.0234393	494.078	0.0	95.6365	278.64	-4.07577	118.844	88.0724	85.1593	82.1178
1.6	0.117224	2378.87	1.18013	0.0	496.399	0.0	95.6365	279.26	-6.02799	118.691	87.9721	85.059	82.0419
1.5	0.0	2390.48	0.0	0.0464371	496.445	0.0	95.6365	280.428	-8.47482	118.49	87.8563	84.9669	82.0018
1.4	0.0	2390.48	0.0	0.0686388	501.111	0.0	95.6365	279.756	-9.42712	118.297	87.7255	84.8815	81.9554
1.3	0.0	2390.48	0.0	0.0452743	507.952	0.0	95.6365	278.761	-10.4764	118.198	87.6042	84.8065	81.8849
1.2	0.0	2390.48	0.0	0.0336254	512.467	0.0	95.6365	278.936	-12.1604	118.143	87.5035	84.7402	81.8053
1.1	0.0	2390.48	0.0	0.0268675	515.823	0.0	95.6365	279.407	-13.0968	118.063	87.4119	84.6703	81.7223
1.0	0.0	2390.48	0.0	0.0235171	518.507	0.0	95.6365	279.925	-13.6907	117.948	87.3185	84.5916	81.636
0.9	0.0	2390.48	0.0	0.0314187	520.866	0.0	95.6365	280.387	-13.8738	117.806	87.2177	84.5034	81.5454
0.8	0.0	2390.48	1.0	0.0	523.977	0.00591814	95.6424	280.498	-13.5844	117.657	87.1092	84.4084	81.4498
0.7	0.0244442	2390.5	1.0	0.0	523.977	0.00936142	96.2377	281.827	-13.923	117.478	86.9921	84.306	81.3498
0.6	0.0	2392.92	0.0	0.0363787	524.013	0.0	97.1644	282.829	-13.305	117.238	86.8538	84.1862	81.2434
0.5	0.0	2392.92	0.0	0.0404748	527.655	0.0	97.1644	282.132	-11.2099	117.021	86.7	84.0556	81.1277
0.4	0.0	2392.92	0.0	0.0	531.662	0.0	97.1644	281.729	-9.35125	116.881	86.5531	83.9326	81.0062
0.3	0.0	2392.92	0.0	0.0996727	531.762	0.0	97.1644	282.801	-8.13323	116.74	86.4149	83.8136	80.8841
0.2	0.0	2392.92	0.0	0.0821126	541.711	0.0	97.1644	280.35	-3.60585	116.654	86.2838	83.6979	80.7617
0.1	0.036983	2392.96	1.16984	0.0	549.841	0.0	97.1644	279.489	-0.0865584	116.698	86.1915	83.6122	80.6474
0.0	0.0	2396.62	0.0	0.0205612	549.861	0.0	97.1644	281.485	2.08576	116.685	86.1228	83.5381	80.5531
