2         3      2.5     4.57     2.58     0.46                                         157.0                      78.0
4         5      4.5     4.97     2.75     0.11                                         159.9                      80.5
6         7      6.5     5.37     2.56     0.16                                         156.0                      77.1
8         9      8.5     5.78     2.56     0.33     2.64     0.34     0.12     0.01     159.0                      79.7
10       11     10.5     6.18     3.06     0.02                                         160.4                      80.9
12       13     12.5     7.35     2.64     0.31                                         159.2                      79.9
14       15     14.5     8.52     2.71     0.27     2.82     0.21     0.15     0.08     157.7                      78.6
16       17     16.5     9.25                                                           160.5                      81.0
18       21     19.5     10.36                                                          165.4                      85.3
22       23     22.5     11.35    3.52     -0.12                                        161.7                      82.1
24       25     24.5     11.98    3.36     -0.18    3.29     -0.16    0.10     0.03     161.0    162.6     2.3     81.5
24       25     24.5     11.98    3.22     -0.14                                        164.3                      84.4
26       27     26.5     12.99    4.29     -0.16    4.01     -0.16    0.40     0.01     165.4    165.0     0.6     85.3
26       27     26.5     12.99    3.73     -0.15                                        164.6                      84.6
28       29     28.5     13.99    3.66     -0.36                                        164.1                      84.2
29       30     29.5     14.80                                                          159.5    160.5     1.5     80.1
29       30     29.5     14.80                                                          161.6                      82.0
30       31     30.5     15.60    3.94     -0.24                                        159.4                      80.1
32       33     32.5     17.22    4.41     -0.18                                        153.7                      75.0
33       34     33.5     18.02                                                          151.7                      73.4
34       35     34.5     18.83    4.51     -0.29    4.46     -0.21    0.08     0.11     150.5                      72.3
36       37     36.5     19.57    4.34     -0.26                                        153.4                      74.8
38       39     38.5     20.31    4.08     -0.22                                        149.5    151.8     3.3     71.4
38       39     38.5     20.31                                                          154.2                      75.5
44       45     44.5     23.35    4.24     -0.29                                        147.1                      69.3
46       47     46.5     24.92    4.01     -0.31                                        152.4                      73.9
48       49     48.5     26.48    3.92     -0.24                                        147.9                      70.0
50       51     50.5     28.05    4.25     -0.10                                        146.8                      69.0
52       53     52.5     28.56    4.04     -0.09                                        149.2    148.3     1.3     71.1
52       53     52.5     28.56                                                          147.4                      69.5
54       55     54.5     29.07    3.93     -0.01                                        149.0                      71.0
56       57     56.5     29.58    3.61     -0.30                                        150.8                      72.5
58       59     58.5     30.09    3.86     -0.28                                        150.4                      72.2
60       61     60.5     30.60                                                          152.4                      73.9
62       63     62.5     31.11    4.01     -0.07                                        149.2                      71.1
64       65     64.5     31.62    3.72     -0.04                                        152.7                      74.2
66       67     66.5     32.18    3.84     -0.16                                        157.6                      78.5
68       69     68.5     32.92                                                          156.3                      77.4
72       73     72.5     34.40                                                          158.8                      79.6
74       75     74.5     35.14    4.05     0.09                                         162.3                      82.6
76       77     76.5     35.88    3.87     -0.05                                        159.6                      80.3
78       79     78.5     36.61    3.64     -0.09                                        163.2                      83.4
81       82     81.5     37.72                                                          158.3                      79.1
84       85     84.5     38.83    3.52     -0.16                                        153.6                      75.0
86       87     86.5     39.57    3.70     -0.07                                        153.1                      74.5
88       89     88.5     40.30    3.91     0.00     3.91     -0.01    0.01     0.00     152.7                      74.2
90       91     90.5     41.04    3.69     -0.08                                        157.2                      78.1
92       93     92.5     41.78    4.38     0.32                                         153.7                      75.1
94       95     94.5     42.52    3.95     0.13                                         159.1                      79.8
96       97     96.5     43.26    4.19     -0.28                                        157.7                      78.6
98       99     98.5     43.99    3.72     0.01                                         158.5                      79.2
100      101    100.5    44.73    3.79     0.05                                         154.3                      75.6
108      109    108.5    47.68    3.78     0.11                                         156.7                      77.7
112      113    112.5    49.16    3.72     0.07                                         152.9                      74.3
114      115    114.5    49.90    3.91     -0.13                                        155.1                      76.3
116      117    116.5    50.64                                                          160.0                      80.6
120      121    120.5    52.11    3.67     -0.35                                        160.5                      81.0